1990700562
2024373082
2024300174
2142549434
1989088076
1997608647
1989184520
2093351871
2084116045
2057997033
2090657071
2115628927
2152542757
2102182495
2015973656
2047337155
2010326071
2056347342
2144278020
2004541068
2153571044
2000200112
2108357492
1982181632
1986079302
2005006867
1980568832
2132482424
2148902531
1986718950
2060618072
2069220036
2082671107
2028163847
2154874470
2154882995
2024876233
1993268033
2110798389
2005019869
2010840628
2024847036
1993751013
1999340804
2137006060
2010828104
2142553063
1994561604
2117958976
1986020954
2134540804
1988273024
1988261836
2039859372
1998551700
2015677726
2032266742
1992238816
2070506983
2033387153
2007069666
2041516781
2122503894
2070495422
2046947943
2074041435
2154944561
2048377106
1998180150
2089385063
2038144495
2013809214
2069208972
1978245170
2070513939
2032248557
2064436795
1987963726
1975896478
2129151380
2117676086
2066426444
2063747030
2072897804
2055742170
2039908563
2080183747
1995390208
2117988728
1989894696
2045194483
2069241065
1985789081
2021727574
2002560186
2023458159
2002148802
1976897393
1986614220
2154907004
2119924324
2108385136
2066758713
2064389955
2112697620
2017642415
1993724484
2047325208
1999681303
2031032608
1999316139
1993789485
2088200857
2003380350
1983109746
2126765641
1985789187
2099730832
2013441478
2014079353
2056405516
1988398696
1985523613
2039928345
2008603377
2024327512
2124497266
2141827269
1981368049
2009482726
2126044031
2049446598
1993738703
2062298016
2124459329
1982188165
2068691357
2108419760
1988403933
2032336593
2034506431
2071654192
2050612678
2025836817
2016835419
2147159673
2040396532
1988226543
2146856495
2143553979
2123771418
2064381175
2096557436
2147145019
2011257277
2000951901
2005952176
2055797886
2122613748
2005102857
2040362318
2040383939
2061127745
2107165225
2124516074
2130217774
2072884121
1975915600
1978831855
2131252013
2031329794
2099756737
2011268987
2032308399
2055819994
2106779784
2043599612
2026927910
2128048867
1991450158
2113400636
2067955177
2149216523
2048411363
2036947395
2135806746
2012682720
2078992363
2086839755
2090654427
2151474737
1982161868
2048429665
2150341744
2007728607
2072912775
2013109972
1988347410
2019017069
2055875551
2020489260
1982219127
2029734535
1979697850